{
  "asset": {
    "version": "2.0",
    "generator": "GLTFExporter"
  },
  "scenes": [
    {
      "name": "AuxScene",
      "nodes": [
        36
      ]
    }
  ],
  "scene": 0,
  "nodes": [
    {
      "rotation": [
        -0.2125573217753354,
        0.9047969433953433,
        -0.08438930608103933,
        0.35922182728963037
      ],
      "translation": [
        735.88916015625,
        495.8309326171875,
        692.5791015625
      ],
      "scale": [
        100,
        100.00000762939455,
        99.99999237060548
      ],
      "name": "Camera",
      "extras": {
        "transformData": {
          "inheritType": 1,
          "eulerOrder": "ZYX",
          "translation": [
            735.88916015625,
            495.8309326171875,
            692.5791015625
          ],
          "rotation": [
            22.768804428452686,
            142.10832847501666,
            34.34849541142803
          ],
          "scale": [
            100,
            100.00000762939453,
            99.99999237060547
          ],
          "parentMatrixWorld": {
            "elements": [
              1,
              0,
              0,
              0,
              0,
              1,
              0,
              0,
              0,
              0,
              1,
              0,
              -5.163769245147705,
              -219.39222592454396,
              -2.3711585553147287,
              1
            ]
          }
        }
      },
      "camera": 0
    },
    {
      "rotation": [
        -0.7071067966408575,
        0,
        0,
        0.7071067657322372
      ],
      "translation": [
        5.163769245147705,
        339.7332763671875,
        -1.7971827983856201
      ],
      "scale": [
        100,
        100,
        100
      ],
      "name": "Cube",
      "extras": {
        "transformData": {
          "inheritType": 1,
          "eulerOrder": "ZYX",
          "translation": [
            5.163769245147705,
            339.7332763671875,
            -1.7971827983856201
          ],
          "rotation": [
            -90.00000250447816,
            0,
            0
          ],
          "scale": [
            100,
            100,
            100
          ],
          "parentMatrixWorld": {
            "elements": [
              1,
              0,
              0,
              0,
              0,
              1,
              0,
              0,
              0,
              0,
              1,
              0,
              -5.163769245147705,
              -219.39222592454396,
              -2.3711585553147287,
              1
            ]
          }
        }
      },
      "mesh": 0,
      "skin": 0
    },
    {
      "rotation": [
        0.16907573396532247,
        0.7558803638898202,
        -0.2721713636885441,
        0.5709474760937286
      ],
      "translation": [
        407.6245422363281,
        590.38623046875,
        -100.54539489746094
      ],
      "scale": [
        100.00000762939455,
        100.00000000000001,
        100.00000000000001
      ],
      "name": "Light",
      "extras": {
        "transformData": {
          "inheritType": 1,
          "eulerOrder": "ZYX",
          "translation": [
            407.6245422363281,
            590.38623046875,
            -100.54539489746094
          ],
          "rotation": [
            47.533567717301516,
            107.22076721353456,
            10.743659606866508
          ],
          "scale": [
            100.00000762939453,
            100,
            100
          ],
          "parentMatrixWorld": {
            "elements": [
              1,
              0,
              0,
              0,
              0,
              1,
              0,
              0,
              0,
              0,
              1,
              0,
              -5.163769245147705,
              -219.39222592454396,
              -2.3711585553147287,
              1
            ]
          }
        }
      },
      "extensions": {
        "KHR_lights_punctual": {
          "light": 0
        }
      }
    },
    {
      "translation": [
        0,
        58.107818603515625,
        9.389102935791016
      ],
      "name": "mixamorigHeadTop_End",
      "extras": {
        "transformData": {
          "eulerOrder": "ZYX",
          "translation": [
            0,
            58.107818603515625,
            9.389102935791016
          ],
          "parentMatrixWorld": {
            "elements": [
              1,
              0,
              0,
              0,
              0,
              1,
              0,
              0,
              0,
              0,
              1,
              0,
              0,
              27.2017822265625,
              4.3952836990356445,
              1
            ]
          }
        }
      }
    },
    {
      "translation": [
        0,
        27.2017822265625,
        4.3952836990356445
      ],
      "name": "mixamorigHead",
      "extras": {
        "transformData": {
          "eulerOrder": "ZYX",
          "translation": [
            0,
            27.2017822265625,
            4.3952836990356445
          ],
          "parentMatrixWorld": {
            "elements": [
              1,
              0,
              0,
              0,
              0,
              0.9999542418626977,
              0.009566304448303982,
              0,
              0,
              -0.009566304448303982,
              0.9999542418626977,
              0,
              0,
              36.19867786992256,
              -1.5423325150365486e-7,
              1
            ]
          }
        }
      },
      "children": [
        3
      ]
    },
    {
      "rotation": [
        0.004783206942124967,
        0,
        0,
        0.9999885604002423
      ],
      "translation": [
        0,
        36.19867786992256,
        -1.5423325150365486e-7
      ],
      "name": "mixamorigNeck",
      "extras": {
        "transformData": {
          "eulerOrder": "ZYX",
          "translation": [
            0,
            36.19867786992256,
            -1.5423325150365486e-7
          ],
          "preRotation": [
            0.5481172307250476,
            0,
            0
          ],
          "parentMatrixWorld": {
            "elements": [
              1,
              0,
              0,
              0,
              0,
              1,
              0,
              0,
              0,
              0,
              1,
              0,
              0,
              32.176613309198785,
              1.3196740589194178e-8,
              1
            ]
          }
        }
      },
      "children": [
        4
      ]
    },
    {
      "rotation": [
        1.3877787807814457e-17,
        -9.62964972193618e-35,
        -6.938893903907228e-18,
        1
      ],
      "translation": [
        -1.4222496275120058,
        6.884859853836986,
        -2.4416532678099117
      ],
      "name": "mixamorigLeftHandIndex4",
      "extras": {
        "transformData": {
          "eulerOrder": "ZYX",
          "translation": [
            -1.4222496275120058,
            6.884859853836986,
            -2.4416532678099117
          ],
          "preRotation": [
            1.5902773407317584e-15,
            0,
            -7.951386703658792e-16
          ],
          "parentMatrixWorld": {
            "elements": [
              1,
              -1.3877787807814457e-17,
              0,
              0,
              1.3877787807814457e-17,
              1,
              2.7755575615628914e-17,
              0,
              -3.851859888774472e-34,
              -2.7755575615628914e-17,
              1,
              0,
              -4.542759136499058,
              9.726504929939097,
              -2.110110477591654,
              1
            ]
          }
        }
      }
    },
    {
      "rotation": [
        1.3877787807814457e-17,
        -9.62964972193618e-35,
        -6.938893903907228e-18,
        1
      ],
      "translation": [
        -4.542759136499058,
        9.726504929939097,
        -2.110110477591654
      ],
      "name": "mixamorigLeftHandIndex3",
      "extras": {
        "transformData": {
          "eulerOrder": "ZYX",
          "translation": [
            -4.542759136499058,
            9.726504929939097,
            -2.110110477591654
          ],
          "preRotation": [
            1.5902773407317584e-15,
            0,
            -7.951386703658792e-16
          ],
          "parentMatrixWorld": {
            "elements": [
              1,
              1.3877788382722966e-17,
              5.551115353089187e-17,
              0,
              -1.3877788382722966e-17,
              1,
              -1.387778780995672e-17,
              0,
              -5.551115353089187e-17,
              1.387778780995672e-17,
              1,
              0,
              4.384992990935643e-8,
              6.113017670835433,
              -6.71684716735399e-8,
              1
            ]
          }
        }
      },
      "children": [
        6
      ]
    },
    {
      "rotation": [
        -6.93889390497836e-18,
        -2.775557676544593e-17,
        6.938894191361483e-18,
        1
      ],
      "translation": [
        4.384992990935643e-8,
        6.113017670835433,
        -6.71684716735399e-8
      ],
      "name": "mixamorigLeftHandIndex2",
      "extras": {
        "transformData": {
          "eulerOrder": "ZYX",
          "translation": [
            4.384992990935643e-8,
            6.113017670835433,
            -6.71684716735399e-8
          ],
          "preRotation": [
            -7.951386704886218e-16,
            -3.1805548132228414e-15,
            7.951387033057104e-16
          ],
          "parentMatrixWorld": {
            "elements": [
              0.7303502516372775,
              -2.2513670788759654e-8,
              -0.683072843797325,
              0,
              0.48426021620522386,
              0.7052650553884763,
              0.5177772152661406,
              0,
              0.4817473953580187,
              -0.7089437224828843,
              0.5150905215764272,
              0,
              4.339857611057596e-7,
              21.70945783783415,
              7.787500067024666e-8,
              1
            ]
          }
        }
      },
      "children": [
        7
      ]
    },
    {
      "rotation": [
        0.3570695571847221,
        0.33905172251987287,
        -0.14095674385309967,
        0.8588809330463363
      ],
      "translation": [
        4.339857611057596e-7,
        21.70945783783415,
        7.787500067024666e-8
      ],
      "name": "mixamorigLeftHandIndex1",
      "extras": {
        "transformData": {
          "eulerOrder": "ZYX",
          "translation": [
            4.339857611057596e-7,
            21.70945783783415,
            7.787500067024666e-8
          ],
          "preRotation": [
            45.14903734194239,
            43.08423507637799,
            -0.0000017661913744748087
          ],
          "parentMatrixWorld": {
            "elements": [
              0.9674362438133153,
              0.2531148240549802,
              -3.3330312693841124e-9,
              0,
              -0.25243271351316526,
              0.9648291337067705,
              0.07336530446350462,
              0,
              0.0185698493468257,
              -0.07097625373502704,
              0.9973051349015392,
              0,
              -3.680920883653016e-7,
              70.78772673725115,
              8.63785487581481e-8,
              1
            ]
          }
        }
      },
      "children": [
        8
      ]
    },
    {
      "rotation": [
        0.036407331696395547,
        0.004683881721290923,
        0.12751446720024875,
        0.9911572166439623
      ],
      "translation": [
        -3.680920883653016e-7,
        70.78772673725115,
        8.63785487581481e-8
      ],
      "scale": [
        1,
        0.9999999999999999,
        1
      ],
      "name": "mixamorigLeftHand",
      "extras": {
        "transformData": {
          "eulerOrder": "ZYX",
          "translation": [
            -3.680920883653016e-7,
            70.78772673725115,
            8.63785487581481e-8
          ],
          "preRotation": [
            4.207302358641756,
            1.9096862489999753e-7,
            14.661908291102971
          ],
          "parentMatrixWorld": {
            "elements": [
              0.9511290637839726,
              0.30879362691840556,
              -1.1160601191481654e-8,
              0,
              -0.3073076659168346,
              0.946552092371796,
              0.09798538102861007,
              0,
              0.030257271756896836,
              -0.09319674029251943,
              0.9951878541786359,
              0,
              -1.701041618673571e-8,
              78.50867464538536,
              3.9720416111777013e-7,
              1
            ]
          }
        }
      },
      "children": [
        9
      ]
    },
    {
      "rotation": [
        0.048448728656025244,
        0.0076676986310666865,
        0.15613031257804097,
        0.9865177406329809
      ],
      "translation": [
        -1.701041618673571e-8,
        78.50867464538536,
        3.9720416111777013e-7
      ],
      "scale": [
        0.9999999999999999,
        0.9999999999999999,
        0.9999999999999999
      ],
      "name": "mixamorigLeftForeArm",
      "extras": {
        "transformData": {
          "eulerOrder": "ZYX",
          "translation": [
            -1.701041618673571e-8,
            78.50867464538536,
            3.9720416111777013e-7
          ],
          "preRotation": [
            5.6231715243446345,
            6.394553449915219e-7,
            17.98654388655279
          ],
          "parentMatrixWorld": {
            "elements": [
              0.9997191409076844,
              -3.463018240223992e-11,
              -0.023698930414712112,
              0,
              0.016569797586613186,
              0.7149465318683654,
              0.698982759713954,
              0,
              0.016943468084782247,
              -0.6991791305305075,
              0.7147457326349446,
              0,
              7.995893724910275e-9,
              30.450188339686576,
              -4.045689934173424e-7,
              1
            ]
          }
        }
      },
      "children": [
        10
      ]
    },
    {
      "rotation": [
        0.3775006213254405,
        0.010973357801243394,
        -0.004473808749115958,
        0.9259335026624476
      ],
      "translation": [
        7.995893724910275e-9,
        30.450188339686576,
        -4.045689934173424e-7
      ],
      "name": "mixamorigLeftArm",
      "extras": {
        "transformData": {
          "eulerOrder": "ZYX",
          "translation": [
            7.995893724910275e-9,
            30.450188339686576,
            -4.045689934173424e-7
          ],
          "preRotation": [
            44.361182573782294,
            1.3579758274039113,
            -1.9847206739770083e-9
          ],
          "parentMatrixWorld": {
            "elements": [
              0.0033553321799963953,
              0.000025631521018976144,
              -0.999994370528648,
              0,
              0.9331429492782592,
              -0.35949198951888395,
              0.003121807813892208,
              0,
              -0.359489885752345,
              -0.9331481708789766,
              -0.001230132914001869,
              0,
              14.09013557434082,
              30.781527301286417,
              0.04806635100753409,
              1
            ]
          }
        }
      },
      "children": [
        11
      ]
    },
    {
      "rotation": [
        0.5839686324223421,
        0.3994943088503019,
        -0.5820022603961443,
        0.4008220333723905
      ],
      "translation": [
        14.09013557434082,
        30.781527301286417,
        0.04806635100753409
      ],
      "name": "mixamorigLeftShoulder",
      "extras": {
        "transformData": {
          "eulerOrder": "ZYX",
          "translation": [
            14.09013557434082,
            30.781527301286417,
            0.04806635100753409
          ],
          "preRotation": [
            111.50667449979954,
            89.8077476572799,
            0.4376763112695355
          ],
          "parentMatrixWorld": {
            "elements": [
              1,
              0,
              0,
              0,
              0,
              1,
              0,
              0,
              0,
              0,
              1,
              0,
              0,
              32.176613309198785,
              1.3196740589194178e-8,
              1
            ]
          }
        }
      },
      "children": [
        12
      ]
    },
    {
      "rotation": [
        1.734723475976807e-18,
        2.7755575615628914e-17,
        -6.938893903907228e-18,
        1
      ],
      "translation": [
        2.097200917739631,
        7.383868572206524,
        -1.5831993051600506
      ],
      "name": "mixamorigRightHandIndex4",
      "extras": {
        "transformData": {
          "eulerOrder": "ZYX",
          "translation": [
            2.097200917739631,
            7.383868572206524,
            -1.5831993051600506
          ],
          "preRotation": [
            1.987846675914698e-16,
            3.1805546814635168e-15,
            -7.951386703658792e-16
          ],
          "parentMatrixWorld": {
            "elements": [
              1,
              -1.3877787807814457e-17,
              -5.551115123125783e-17,
              0,
              1.3877787807814457e-17,
              1,
              3.4694469519536138e-18,
              0,
              5.551115123125783e-17,
              -3.469446951953614e-18,
              1,
              0,
              3.0109912932426184,
              9.262305486851915,
              -1.548462008610187,
              1
            ]
          }
        }
      }
    },
    {
      "rotation": [
        1.734723475976807e-18,
        2.7755575615628914e-17,
        -6.938893903907228e-18,
        1
      ],
      "translation": [
        3.0109912932426184,
        9.262305486851915,
        -1.548462008610187
      ],
      "name": "mixamorigRightHandIndex3",
      "extras": {
        "transformData": {
          "eulerOrder": "ZYX",
          "translation": [
            3.0109912932426184,
            9.262305486851915,
            -1.548462008610187
          ],
          "preRotation": [
            1.987846675914698e-16,
            3.1805546814635168e-15,
            -7.951386703658792e-16
          ],
          "parentMatrixWorld": {
            "elements": [
              1,
              3.4694469588518595e-17,
              0,
              0,
              -3.4694469588518595e-17,
              1,
              4.5102812929239884e-17,
              0,
              1.5648181715301566e-33,
              -4.5102812929239884e-17,
              1,
              0,
              1.088842473961904e-7,
              6.434204061000145,
              1.1770836039204369e-7,
              1
            ]
          }
        }
      },
      "children": [
        14
      ]
    },
    {
      "rotation": [
        2.2551406464619942e-17,
        3.912045428825391e-34,
        1.7347234794259298e-17,
        1
      ],
      "translation": [
        1.088842473961904e-7,
        6.434204061000145,
        1.1770836039204369e-7
      ],
      "name": "mixamorigRightHandIndex2",
      "extras": {
        "transformData": {
          "eulerOrder": "ZYX",
          "translation": [
            1.088842473961904e-7,
            6.434204061000145,
            1.1770836039204369e-7
          ],
          "preRotation": [
            2.584200825013527e-15,
            0,
            1.9878466798671013e-15
          ],
          "parentMatrixWorld": {
            "elements": [
              0.8715505981205214,
              3.854984959028584e-8,
              0.49030557300091915,
              0,
              -0.3306117162133622,
              0.7384600469956922,
              0.5876841431360682,
              0,
              -0.36207105382537336,
              -0.6742972334149965,
              0.6436053083922361,
              0,
              -2.7745639386012044e-7,
              22.970573271283826,
              -3.3140509003715124e-8,
              1
            ]
          }
        }
      },
      "children": [
        15
      ]
    },
    {
      "rotation": [
        0.3498161098107808,
        -0.23627533752115076,
        0.09164423505603361,
        0.9018891219973286
      ],
      "translation": [
        -2.7745639386012044e-7,
        22.970573271283826,
        -3.3140509003715124e-8
      ],
      "scale": [
        0.9999999999999999,
        0.9999999999999999,
        1
      ],
      "name": "mixamorigRightHandIndex1",
      "extras": {
        "transformData": {
          "eulerOrder": "ZYX",
          "translation": [
            -2.7745639386012044e-7,
            22.970573271283826,
            -3.3140509003715124e-8
          ],
          "preRotation": [
            42.39959885352946,
            -29.360667978926134,
            0.0000025342690254576657
          ],
          "parentMatrixWorld": {
            "elements": [
              0.979426771607288,
              -0.2017998985602453,
              -9.417852678272887e-9,
              0,
              0.20106290505915383,
              0.975849802665391,
              0.08538659641355403,
              0,
              -0.017230997304250133,
              -0.08362992035744249,
              0.9963478956433384,
              0,
              4.072120773912502e-7,
              70.91214065011192,
              -2.0402734435265302e-7,
              1
            ]
          }
        }
      },
      "children": [
        16
      ]
    },
    {
      "rotation": [
        0.042511978601796965,
        -0.004334034343559809,
        -0.10133030318056323,
        0.9939346645927006
      ],
      "translation": [
        4.072120773912502e-7,
        70.91214065011192,
        -2.0402734435265302e-7
      ],
      "name": "mixamorigRightHand",
      "extras": {
        "transformData": {
          "eulerOrder": "ZYX",
          "translation": [
            4.072120773912502e-7,
            70.91214065011192,
            -2.0402734435265302e-7
          ],
          "preRotation": [
            4.898256035311452,
            5.396032105123362e-7,
            -11.642231969565525
          ],
          "parentMatrixWorld": {
            "elements": [
              0.9505403404499404,
              -0.3106011287444254,
              1.753862303652265e-8,
              0,
              0.3089136734607527,
              0.9453761850568159,
              0.10409712328592133,
              0,
              -0.03233270057225131,
              -0.09894850959013861,
              0.9945671364586683,
              0,
              8.467207379680985e-9,
              78.50792815711688,
              0.0000011661129803997028,
              1
            ]
          }
        }
      },
      "children": [
        17
      ]
    },
    {
      "rotation": [
        0.051470911528882266,
        -0.008196159896671776,
        -0.15704347403817198,
        0.9862154508480164
      ],
      "translation": [
        8.467207379680985e-9,
        78.50792815711688,
        0.0000011661129803997028
      ],
      "scale": [
        1,
        0.9999999999999999,
        1
      ],
      "name": "mixamorigRightForeArm",
      "extras": {
        "transformData": {
          "eulerOrder": "ZYX",
          "translation": [
            8.467207379680985e-9,
            78.50792815711688,
            0.0000011661129803997028
          ],
          "preRotation": [
            5.975150473703625,
            -0.0000010048890782780452,
            -18.095461025016508
          ],
          "parentMatrixWorld": {
            "elements": [
              0.9999158239750839,
              -9.075218953061293e-10,
              0.012974781856702193,
              0,
              -0.00907062075858293,
              0.715027570120752,
              0.6990374080163857,
              0,
              -0.009277327378236343,
              -0.6990962551517588,
              0.7149673819339621,
              0,
              1.102142022091357e-8,
              30.450188339721137,
              -4.0438754922433873e-7,
              1
            ]
          }
        }
      },
      "children": [
        18
      ]
    },
    {
      "rotation": [
        0.377465518928673,
        -0.006007582952112533,
        0.002448869031110449,
        0.9260009146903958
      ],
      "translation": [
        1.102142022091357e-8,
        30.450188339721137,
        -4.0438754922433873e-7
      ],
      "name": "mixamorigRightArm",
      "extras": {
        "transformData": {
          "eulerOrder": "ZYX",
          "translation": [
            1.102142022091357e-8,
            30.450188339721137,
            -4.0438754922433873e-7
          ],
          "preRotation": [
            44.35454132216817,
            -0.7434211000200223,
            -5.2001551656047026e-8
          ],
          "parentMatrixWorld": {
            "elements": [
              -0.01072233710727577,
              0.00001981397403844065,
              0.9999425138948561,
              0,
              -0.9331429145290241,
              -0.3593665573182285,
              -0.009998927218590468,
              0,
              0.3593457006160448,
              -0.9331964836456741,
              0.0038717386421297517,
              0,
              -14.09013557434082,
              30.78343839360599,
              -0.15169781935283355,
              1
            ]
          }
        }
      },
      "children": [
        19
      ]
    },
    {
      "rotation": [
        0.5798216280824696,
        -0.40233196528082305,
        0.5860803343116953,
        0.3980523973727032
      ],
      "translation": [
        -14.09013557434082,
        30.78343839360599,
        -0.15169781935283355
      ],
      "scale": [
        1,
        0.9999999999999999,
        1
      ],
      "name": "mixamorigRightShoulder",
      "extras": {
        "transformData": {
          "eulerOrder": "ZYX",
          "translation": [
            -14.09013557434082,
            30.78343839360599,
            -0.15169781935283355
          ],
          "preRotation": [
            -68.83282919516833,
            -89.38564251592308,
            179.89412235558373
          ],
          "parentMatrixWorld": {
            "elements": [
              1,
              0,
              0,
              0,
              0,
              1,
              0,
              0,
              0,
              0,
              1,
              0,
              0,
              32.176613309198785,
              1.3196740589194178e-8,
              1
            ]
          }
        }
      },
      "children": [
        20
      ]
    },
    {
      "translation": [
        0,
        32.176613309198785,
        1.3196740589194178e-8
      ],
      "name": "mixamorigSpine2",
      "extras": {
        "transformData": {
          "eulerOrder": "ZYX",
          "translation": [
            0,
            32.176613309198785,
            1.3196740589194178e-8
          ],
          "parentMatrixWorld": {
            "elements": [
              1,
              0,
              0,
              0,
              0,
              0.9999999999999998,
              2.0488159468137315e-8,
              0,
              0,
              -2.0488159468137315e-8,
              0.9999999999999998,
              0,
              0,
              28.154517571408007,
              -1.1294815749351983e-8,
              1
            ]
          }
        }
      },
      "children": [
        5,
        13,
        21
      ]
    },
    {
      "rotation": [
        1.0244079734068659e-8,
        0,
        0,
        0.9999999999999998
      ],
      "translation": [
        0,
        28.154517571408007,
        -1.1294815749351983e-8
      ],
      "name": "mixamorigSpine1",
      "extras": {
        "transformData": {
          "eulerOrder": "ZYX",
          "translation": [
            0,
            28.154517571408007,
            -1.1294815749351983e-8
          ],
          "preRotation": [
            0.0000011738850675152656,
            0,
            0
          ],
          "parentMatrixWorld": {
            "elements": [
              1,
              0,
              0,
              0,
              0,
              0.9999542416667014,
              -0.009566324935525948,
              0,
              0,
              0.009566324935525948,
              0.9999542416667014,
              0,
              0,
              24.131378173828125,
              -0.23085880279541016,
              1
            ]
          }
        }
      },
      "children": [
        22
      ]
    },
    {
      "rotation": [
        -0.004783217186087513,
        0,
        0,
        0.9999885603512426
      ],
      "translation": [
        0,
        24.131378173828125,
        -0.23085880279541016
      ],
      "name": "mixamorigSpine",
      "extras": {
        "transformData": {
          "eulerOrder": "ZYX",
          "translation": [
            0,
            24.131378173828125,
            -0.23085880279541016
          ],
          "preRotation": [
            -0.5481184046101151,
            0,
            0
          ],
          "parentMatrixWorld": {
            "elements": [
              1,
              0,
              0,
              0,
              0,
              1,
              0,
              0,
              0,
              0,
              1,
              0,
              5.650527954101559,
              249.68716430664062,
              -6.223965167999271,
              1
            ]
          }
        }
      },
      "children": [
        23
      ]
    },
    {
      "rotation": [
        -1.0801989872676155e-9,
        -3.469446937275051e-17,
        5.5511150862982945e-17,
        1
      ],
      "translation": [
        1.3998010217619594e-7,
        13.554703120041516,
        -4.711729140183252e-8
      ],
      "name": "mixamorigLeftToe_End",
      "extras": {
        "transformData": {
          "eulerOrder": "ZYX",
          "translation": [
            1.3998010217619594e-7,
            13.554703120041516,
            -4.711729140183252e-8
          ],
          "preRotation": [
            -1.2378168600948025e-7,
            -3.975693328137738e-15,
            6.361109325020381e-15
          ],
          "parentMatrixWorld": {
            "elements": [
              0.8882611298624664,
              -1.790430201320525e-8,
              0.45933883482180554,
              0,
              -0.24996581304778204,
              0.8389645091413839,
              0.4833794003766792,
              0,
              -0.3853689887404221,
              -0.544186137641484,
              0.7452195583289718,
              0,
              -3.4988032382443635e-7,
              34.34883046147996,
              -2.272397123803671e-7,
              1
            ]
          }
        }
      }
    },
    {
      "rotation": [
        0.2757159146622256,
        -0.22665161644578308,
        0.06707070769926587,
        0.9317249053949377
      ],
      "translation": [
        -3.4988032382443635e-7,
        34.34883046147996,
        -2.272397123803671e-7
      ],
      "scale": [
        0.9999999999999999,
        0.9999999999999999,
        0.9999999999999999
      ],
      "name": "mixamorigLeftToeBase",
      "extras": {
        "transformData": {
          "eulerOrder": "ZYX",
          "translation": [
            -3.4988032382443635e-7,
            34.34883046147996,
            -2.272397123803671e-7
          ],
          "preRotation": [
            32.969065188489374,
            -27.344451947968636,
            -0.0000011548866696470978
          ],
          "parentMatrixWorld": {
            "elements": [
              0.9726471728627308,
              9.112484058992898e-9,
              0.23228748808779354,
              0,
              -0.20064215110190264,
              0.5038923127082466,
              0.8401400266590897,
              0,
              -0.117047871929985,
              -0.8637664830227754,
              0.4901094352112877,
              0,
              2.1358066248922114e-7,
              111.2234910460613,
              3.378694835021179e-8,
              1
            ]
          }
        }
      },
      "children": [
        25
      ]
    },
    {
      "rotation": [
        0.49463254668066386,
        -0.10140969459848025,
        0.058245063396630645,
        0.8611981364329386
      ],
      "translation": [
        2.1358066248922114e-7,
        111.2234910460613,
        3.378694835021179e-8
      ],
      "name": "mixamorigLeftFoot",
      "extras": {
        "transformData": {
          "eulerOrder": "ZYX",
          "translation": [
            2.1358066248922114e-7,
            111.2234910460613,
            3.378694835021179e-8
          ],
          "preRotation": [
            59.74215069005213,
            -13.43178323511261,
            5.367895900388316e-7
          ],
          "parentMatrixWorld": {
            "elements": [
              0.9999655425510587,
              -0.008301428224509586,
              -5.0056757174075754e-11,
              0,
              0.008300102925048992,
              0.9998059009973532,
              -0.0178680894978749,
              0,
              0.00014833071252276324,
              0.017867473808677876,
              0.999840352945257,
              0,
              2.0456300120486048e-7,
              125.34211709391445,
              3.047371599507187e-8,
              1
            ]
          }
        }
      },
      "children": [
        26
      ]
    },
    {
      "rotation": [
        -0.008934324379163949,
        0.000037084490229686184,
        -0.004150584201194138,
        0.9999514733842925
      ],
      "translation": [
        2.0456300120486048e-7,
        125.34211709391445,
        3.047371599507187e-8
      ],
      "scale": [
        1,
        0.9999999999999999,
        1
      ],
      "name": "mixamorigLeftLeg",
      "extras": {
        "transformData": {
          "eulerOrder": "ZYX",
          "translation": [
            2.0456300120486048e-7,
            125.34211709391445,
            3.047371599507187e-8
          ],
          "preRotation": [
            -1.0238206000846204,
            2.8680409227006226e-9,
            -0.47564226434740875
          ],
          "parentMatrixWorld": {
            "elements": [
              -0.9975232576639319,
              -0.07032481777277964,
              -0.0013305730952035463,
              0,
              0.07033740412850294,
              -0.997344758298325,
              -0.018870153028501025,
              0,
              -2.896023492630212e-11,
              -0.018917005579127105,
              0.9998210574397397,
              0,
              20.601364135742188,
              -13.401092529296875,
              1.5323376655578613,
              1
            ]
          }
        }
      },
      "children": [
        27
      ]
    },
    {
      "rotation": [
        -0.00033286433169339323,
        -0.009453067304681371,
        0.9993359136699227,
        -0.03518892395869174
      ],
      "translation": [
        20.601364135742188,
        -13.401092529296875,
        1.5323376655578613
      ],
      "name": "mixamorigLeftUpLeg",
      "extras": {
        "transformData": {
          "eulerOrder": "ZYX",
          "translation": [
            20.601364135742188,
            -13.401092529296875,
            1.5323376655578613
          ],
          "preRotation": [
            -1.0812452597473592,
            0.07623624518392252,
            -175.96735254088065
          ],
          "parentMatrixWorld": {
            "elements": [
              1,
              0,
              0,
              0,
              0,
              1,
              0,
              0,
              0,
              0,
              1,
              0,
              5.650527954101559,
              249.68716430664062,
              -6.223965167999271,
              1
            ]
          }
        }
      },
      "children": [
        28
      ]
    },
    {
      "rotation": [
        -4.15263792791384e-9,
        -4.857225874032847e-17,
        -2.775557669061005e-17,
        1
      ],
      "translation": [
        -9.153090019253796e-8,
        13.804297320525286,
        -3.852305852092286e-8
      ],
      "name": "mixamorigRightToe_End",
      "extras": {
        "transformData": {
          "eulerOrder": "ZYX",
          "translation": [
            -9.153090019253796e-8,
            13.804297320525286,
            -3.852305852092286e-8
          ],
          "preRotation": [
            -4.758572542308288e-7,
            -5.565970867684184e-15,
            -3.1805547815338192e-15
          ],
          "parentMatrixWorld": {
            "elements": [
              0.8862493746806475,
              -2.4349142965784942e-8,
              -0.46320842595764683,
              0,
              0.24752365398976653,
              0.8452521089154569,
              0.4735830582796714,
              0,
              0.39152788737676875,
              -0.5343677314115924,
              0.7491041590008112,
              0,
              -1.4888537691604142e-7,
              35.04726162399888,
              -2.9421908731563917e-7,
              1
            ]
          }
        }
      }
    },
    {
      "rotation": [
        0.2701356634935395,
        0.22907344631907822,
        -0.06633753727096496,
        0.9328190664052858
      ],
      "translation": [
        -1.4888537691604142e-7,
        35.04726162399888,
        -2.9421908731563917e-7
      ],
      "scale": [
        1,
        0.9999999999999999,
        1
      ],
      "name": "mixamorigRightToeBase",
      "extras": {
        "transformData": {
          "eulerOrder": "ZYX",
          "translation": [
            -1.4888537691604142e-7,
            35.04726162399888,
            -2.9421908731563917e-7
          ],
          "preRotation": [
            32.301041941828906,
            27.594335945305147,
            -0.0000015741654266284123
          ],
          "parentMatrixWorld": {
            "elements": [
              0.9743006009216978,
              8.468877904510563e-9,
              -0.2252517237306265,
              0,
              0.19648782220148855,
              0.4889651516648602,
              0.8498856488868821,
              0,
              0.11014025045429478,
              -0.8723033190681784,
              0.476399039432811,
              0,
              -2.973660429006486e-9,
              111.24397337435107,
              2.5336017728250226e-8,
              1
            ]
          }
        }
      },
      "children": [
        30
      ]
    },
    {
      "rotation": [
        0.5022291334202016,
        0.09780786178824197,
        -0.057300276714543484,
        0.857272534264829
      ],
      "translation": [
        -2.973660429006486e-9,
        111.24397337435107,
        2.5336017728250226e-8
      ],
      "scale": [
        1,
        1,
        0.9999999999999999
      ],
      "name": "mixamorigRightFoot",
      "extras": {
        "transformData": {
          "eulerOrder": "ZYX",
          "translation": [
            -2.973660429006486e-9,
            111.24397337435107,
            2.5336017728250226e-8
          ],
          "preRotation": [
            60.727413444933674,
            13.017680860143972,
